1501514704.745	 0	 -0.055908	 -0.729034	 -0.645294	 3
1501514704.755	 0	 -0.046158	 -0.709091	 -0.650177	 3
1501514704.765	 0	 -0.036469	 -0.699554	 -0.672668	 3
1501514704.775	 0	 -0.027908	 -0.695740	 -0.678070	 3
1501514704.785	 0	 -0.027725	 -0.678802	 -0.697052	 3
1501514704.795	 0	 -0.037491	 -0.660660	 -0.719605	 3
1501514704.805	 0	 -0.062195	 -0.620392	 -0.796478	 3
1501514704.815	 0	 -0.058121	 -0.580429	 -0.743317	 3
1501514704.825	 0	 -0.056122	 -0.611603	 -0.730408	 3
1501514704.835	 0	 -0.057861	 -0.646286	 -0.807220	 3
1501514704.845	 0	 -0.044601	 -0.657684	 -0.826157	 3
1501514704.855	 0	 -0.022995	 -0.663498	 -0.834488	 3
1501514704.865	 0	 -0.021896	 -0.647369	 -0.848801	 3
1501514704.875	 0	 -0.005402	 -0.673096	 -0.787338	 3
1501514704.885	 0	 0.002594	 -0.699707	 -0.753403	 3
1501514704.895	 0	 -0.025070	 -0.692810	 -0.722412	 3
1501514704.905	 0	 -0.054169	 -0.671783	 -0.718552	 3
1501514704.915	 0	 -0.063217	 -0.668518	 -0.703095	 3
1501514704.925	 0	 -0.056244	 -0.678253	 -0.711304	 3
1501514704.935	 0	 -0.016693	 -0.687332	 -0.747284	 3
1501514704.945	 0	 0.043152	 -0.700134	 -0.746628	 3
1501514704.955	 0	 0.070938	 -0.705414	 -0.700653	 3
1501514704.965	 0	 0.067993	 -0.686707	 -0.638855	 3
1501514704.975	 0	 0.061707	 -0.659287	 -0.601410	 3
1501514704.985	 0	 0.059250	 -0.654327	 -0.588058	 3
1501514704.995	 0	 0.034851	 -0.653320	 -0.615753	 3
1501514705.005	 0	 0.011719	 -0.631607	 -0.683456	 3
1501514705.015	 0	 0.004242	 -0.573257	 -0.739151	 3
1501514705.025	 0	 0.064545	 -0.510696	 -0.769028	 3
1501514705.035	 0	 0.119598	 -0.513168	 -0.802505	 3
1501514705.045	 0	 0.142502	 -0.573227	 -0.841904	 3
1501514705.055	 0	 0.168365	 -0.617661	 -0.871552	 3
1501514705.065	 0	 0.174088	 -0.643189	 -0.930328	 3
1501514705.075	 0	 0.093475	 -0.693649	 -0.926025	 3
1501514705.085	 0	 0.026443	 -0.707504	 -0.867752	 3
1501514705.095	 0	 -0.004456	 -0.643539	 -0.754532	 3
1501514705.105	 0	 0.019745	 -0.531006	 -0.660019	 3
1501514705.115	 0	 0.061035	 -0.431809	 -0.586624	 3
1501514705.125	 0	 0.098495	 -0.422699	 -0.580261	 3
1501514705.135	 0	 0.081314	 -0.545822	 -0.635910	 3
1501514705.145	 0	 0.083725	 -0.652618	 -0.710144	 3
1501514705.155	 0	 0.143753	 -0.683899	 -0.846771	 3
1501514705.165	 0	 0.205322	 -0.691147	 -0.960449	 3
1501514705.175	 0	 0.256226	 -0.682800	 -1.025513	 3
1501514705.185	 0	 0.259064	 -0.715240	 -1.109161	 3
1501514705.195	 0	 0.235611	 -0.762222	 -1.134033	 3
1501514705.205	 0	 0.199539	 -0.771072	 -1.050003	 3
1501514705.215	 0	 0.181885	 -0.774689	 -0.984299	 3
1501514705.225	 0	 0.162567	 -0.772018	 -0.996948	 3
1501514705.235	 0	 0.176849	 -0.744614	 -1.029175	 3
1501514705.245	 0	 0.186447	 -0.733322	 -1.018127	 3
1501514705.255	 0	 0.151810	 -0.722305	 -0.996490	 3
1501514705.265	 0	 0.112946	 -0.712280	 -1.001602	 3
1501514705.275	 0	 0.091904	 -0.725403	 -0.982437	 3
1501514705.285	 0	 0.105789	 -0.762589	 -0.945938	 3
1501514705.295	 0	 0.148972	 -0.757721	 -0.922333	 3
1501514705.305	 0	 0.136429	 -0.766998	 -0.882050	 3
1501514705.315	 0	 0.139572	 -0.759232	 -0.869614	 3
1501514705.325	 0	 0.127853	 -0.768845	 -0.891922	 3
1501514705.335	 0	 0.167007	 -0.794357	 -0.819580	 3
1501514705.345	 0	 0.166519	 -0.782120	 -0.773285	 3
1501514705.355	 0	 0.179214	 -0.777115	 -0.737686	 3
1501514705.365	 0	 0.175980	 -0.800095	 -0.715546	 3
1501514705.375	 0	 0.160812	 -0.804657	 -0.707367	 3
1501514705.385	 0	 0.104111	 -0.809982	 -0.667343	 3
1501514705.395	 0	 0.099457	 -0.802139	 -0.661118	 3
1501514705.405	 0	 0.108368	 -0.850464	 -0.637375	 3
1501514705.415	 0	 0.115387	 -0.797714	 -0.581467	 3
1501514705.425	 0	 0.107834	 -0.765503	 -0.523422	 3
1501514705.435	 0	 0.093765	 -0.794113	 -0.499329	 3
1501514705.445	 0	 0.073395	 -0.801147	 -0.505066	 3
1501514705.455	 0	 0.050751	 -0.766815	 -0.502838	 3
1501514705.465	 0	 0.047699	 -0.745468	 -0.507507	 3
1501514705.475	 0	 0.057037	 -0.767090	 -0.512558	 3
1501514705.485	 0	 0.057297	 -0.779785	 -0.500778	 3
1501514705.495	 0	 0.046204	 -0.798904	 -0.499496	 3
1501514705.505	 0	 0.069687	 -0.814743	 -0.481216	 3
1501514705.515	 0	 0.106461	 -0.799316	 -0.432953	 3
1501514705.525	 0	 0.110077	 -0.785980	 -0.383377	 3
1501514705.535	 0	 0.079269	 -0.760330	 -0.360046	 3
1501514705.545	 0	 0.073990	 -0.752136	 -0.337173	 3
1501514705.555	 0	 0.041779	 -0.748993	 -0.284698	 3
1501514705.565	 0	 0.012558	 -0.752396	 -0.256042	 3
1501514705.575	 0	 0.028900	 -0.717148	 -0.286148	 3
1501514705.585	 0	 0.052048	 -0.749710	 -0.347168	 3
1501514705.595	 0	 0.101212	 -0.948929	 -0.328339	 3
1501514705.605	 0	 0.117050	 -0.969208	 -0.246338	 3
1501514705.615	 0	 0.117447	 -0.790787	 -0.277969	 3
1501514705.625	 0	 0.069839	 -0.816803	 -0.243607	 3
1501514705.635	 0	 -0.005707	 -0.805847	 -0.366531	 3
1501514705.645	 0	 0.009079	 -0.835266	 -0.456802	 3
1501514705.655	 0	 -0.016937	 -0.915512	 -0.110199	 3
1501514705.665	 0	 0.094528	 -0.867340	 -0.343277	 3
1501514705.675	 0	 -0.032516	 -0.804855	 -0.270782	 3
1501514705.685	 0	 -0.059311	 -0.789169	 -0.309570	 3
1501514705.695	 0	 -0.050079	 -0.847961	 -0.299988	 3
1501514705.705	 0	 -0.030441	 -0.852814	 -0.250336	 3
1501514705.715	 0	 -0.004745	 -0.864548	 -0.285538	 3
1501514705.725	 0	 0.015900	 -0.876068	 -0.303284	 3
1501514705.735	 0	 0.042572	 -0.879669	 -0.319412	 3
1501514705.745	 0	 0.065231	 -0.870193	 -0.331604	 3
1501514705.755	 0	 0.075943	 -0.871353	 -0.303940	 3
1501514705.765	 0	 0.081207	 -0.887054	 -0.286743	 3
1501514705.775	 0	 0.071487	 -0.905640	 -0.273697	 3
1501514705.785	 0	 0.038239	 -0.897507	 -0.282257	 3
1501514705.795	 0	 0.014572	 -0.873962	 -0.299393	 3
1501514705.805	 0	 0.011841	 -0.869415	 -0.305130	 3
1501514705.815	 0	 0.016327	 -0.871170	 -0.308014	 3
1501514705.825	 0	 0.020004	 -0.866272	 -0.318497	 3
1501514705.835	 0	 0.028381	 -0.880966	 -0.332443	 3
1501514705.845	 0	 0.024170	 -0.891800	 -0.363998	 3
1501514705.855	 0	 0.022308	 -0.902084	 -0.412079	 3
1501514705.865	 0	 0.019882	 -0.906662	 -0.459412	 3
1501514705.875	 0	 0.022324	 -0.911865	 -0.504745	 3
1501514705.885	 0	 0.031311	 -0.913956	 -0.548492	 3
1501514705.895	 0	 0.036469	 -0.918518	 -0.592651	 3
1501514705.905	 0	 0.041489	 -0.919983	 -0.618179	 3
1501514705.915	 0	 0.045425	 -0.912476	 -0.617523	 3
1501514705.925	 0	 0.042267	 -0.909973	 -0.612885	 3
1501514705.935	 0	 0.029572	 -0.907074	 -0.597519	 3
1501514705.945	 0	 0.005539	 -0.867462	 -0.529602	 3
1501514705.955	 0	 0.010910	 -0.865097	 -0.489105	 3
1501514705.965	 0	 0.010971	 -0.859436	 -0.466156	 3
1501514705.975	 0	 0.003281	 -0.848282	 -0.455872	 3
1501514705.985	 0	 0.003586	 -0.849884	 -0.463928	 3
1501514705.995	 0	 0.009476	 -0.851486	 -0.484756	 3
1501514706.005	 0	 0.020554	 -0.858353	 -0.501114	 3
1501514706.015	 0	 0.026505	 -0.862686	 -0.509888	 3
1501514706.025	 0	 0.026886	 -0.856003	 -0.510422	 3
1501514706.035	 0	 0.014740	 -0.841003	 -0.501205	 3
1501514706.045	 0	 0.002014	 -0.839218	 -0.484833	 3
1501514706.055	 0	 -0.010132	 -0.842758	 -0.473511	 3
1501514706.065	 0	 -0.014404	 -0.834854	 -0.469803	 3
1501514706.075	 0	 -0.016510	 -0.826996	 -0.463272	 3
1501514706.085	 0	 -0.009476	 -0.825958	 -0.453461	 3
1501514706.095	 0	 -0.005753	 -0.829269	 -0.451004	 3
1501514706.105	 0	 -0.000763	 -0.833511	 -0.454102	 3
1501514706.115	 0	 0.001587	 -0.834763	 -0.456940	 3
1501514706.125	 0	 -0.004379	 -0.832214	 -0.461548	 3
1501514706.135	 0	 -0.004166	 -0.839783	 -0.459564	 3
1501514706.145	 0	 -0.004257	 -0.840576	 -0.456238	 3
1501514706.155	 0	 -0.007339	 -0.834518	 -0.451172	 3
1501514706.165	 0	 -0.006180	 -0.829819	 -0.449600	 3
1501514706.175	 0	 -0.008072	 -0.826965	 -0.439438	 3
1501514706.185	 0	 -0.003403	 -0.831085	 -0.434937	 3
1501514706.195	 0	 0.000336	 -0.833481	 -0.438187	 3
1501514706.205	 0	 0.010971	 -0.834579	 -0.441147	 3
1501514706.215	 0	 0.022598	 -0.832916	 -0.446106	 3
1501514706.225	 0	 0.033829	 -0.834702	 -0.443634	 3
1501514706.235	 0	 0.032211	 -0.838119	 -0.442505	 3
1501514706.245	 0	 0.020767	 -0.838730	 -0.446838	 3
1501514706.255	 0	 0.017532	 -0.841492	 -0.448120	 3
1501514706.265	 0	 0.021606	 -0.848251	 -0.452118	 3
1501514706.275	 0	 0.026138	 -0.852188	 -0.456940	 3
1501514706.285	 0	 0.029831	 -0.849289	 -0.456299	 3
1501514706.295	 0	 0.032120	 -0.843567	 -0.449997	 3
1501514706.305	 0	 0.032928	 -0.842484	 -0.444473	 3
1501514706.315	 0	 0.027634	 -0.839844	 -0.445953	 3
1501514706.325	 0	 0.024963	 -0.839615	 -0.456161	 3
1501514706.335	 0	 0.034912	 -0.844223	 -0.459045	 3
1501514706.345	 0	 0.051514	 -0.849274	 -0.457138	 3
1501514706.355	 0	 0.062286	 -0.859863	 -0.457565	 3
1501514706.365	 0	 0.062866	 -0.856094	 -0.449753	 3
1501514706.375	 0	 0.053131	 -0.854950	 -0.455688	 3
1501514706.385	 0	 0.041153	 -0.854477	 -0.453934	 3
1501514706.395	 0	 0.030563	 -0.848129	 -0.453415	 3
1501514706.405	 0	 0.031235	 -0.851746	 -0.448959	 3
1501514706.415	 0	 0.031097	 -0.853821	 -0.447861	 3
1501514706.425	 0	 0.031494	 -0.854599	 -0.454239	 3
1501514706.435	 0	 0.029694	 -0.858093	 -0.470398	 3
1501514706.445	 0	 0.031433	 -0.864761	 -0.488739	 3
1501514706.455	 0	 0.034058	 -0.864929	 -0.501740	 3
1501514706.465	 0	 0.036835	 -0.863037	 -0.502731	 3
1501514706.475	 0	 0.034164	 -0.861435	 -0.504013	 3
1501514706.485	 0	 0.026093	 -0.860092	 -0.499924	 3
1501514706.495	 0	 0.011047	 -0.856400	 -0.498688	 3
1501514706.505	 0	 0.000000	 -0.858002	 -0.497131	 3
1501514706.515	 0	 -0.011612	 -0.852112	 -0.501205	 3
1501514706.525	 0	 -0.019379	 -0.846497	 -0.503952	 3
1501514706.535	 0	 -0.019943	 -0.843140	 -0.503693	 3
1501514706.545	 0	 -0.017212	 -0.840408	 -0.496796	 3
1501514706.555	 0	 -0.007706	 -0.838898	 -0.490982	 3
1501514706.565	 0	 -0.001785	 -0.834320	 -0.483856	 3
1501514706.575	 0	 -0.005859	 -0.828690	 -0.477371	 3
1501514706.585	 0	 -0.007950	 -0.831589	 -0.478928	 3
1501514706.595	 0	 -0.008224	 -0.834625	 -0.481644	 3
1501514706.605	 0	 -0.013885	 -0.832642	 -0.488388	 3
1501514706.615	 0	 -0.020096	 -0.832260	 -0.492432	 3
1501514706.625	 0	 -0.030731	 -0.825516	 -0.489838	 3
1501514706.635	 0	 -0.042206	 -0.819214	 -0.482422	 3
1501514706.645	 0	 -0.053009	 -0.819809	 -0.472168	 3
1501514706.655	 0	 -0.059402	 -0.814682	 -0.462372	 3
1501514706.665	 0	 -0.063995	 -0.815506	 -0.468857	 3
1501514706.675	 0	 -0.069733	 -0.814667	 -0.477844	 3
1501514706.685	 0	 -0.082352	 -0.812927	 -0.494720	 3
1501514706.695	 0	 -0.106705	 -0.822418	 -0.523773	 3
1501514706.705	 0	 -0.124771	 -0.824173	 -0.526093	 3
1501514706.715	 0	 -0.141144	 -0.826965	 -0.533005	 3
1501514706.725	 0	 -0.140808	 -0.818543	 -0.519562	 3
1501514706.735	 0	 -0.147324	 -0.810654	 -0.506714	 3
1501514706.745	 0	 -0.146118	 -0.803345	 -0.481308	 3
1501514706.755	 0	 -0.148972	 -0.792725	 -0.456314	 3
1501514706.765	 0	 -0.151062	 -0.788666	 -0.443405	 3
1501514706.775	 0	 -0.162399	 -0.794907	 -0.449600	 3
1501514706.785	 0	 -0.161896	 -0.810013	 -0.509415	 3
1501514706.795	 0	 -0.143738	 -0.834641	 -0.559784	 3
1501514706.805	 0	 -0.118561	 -0.851120	 -0.598572	 3
1501514706.815	 0	 -0.102844	 -0.865860	 -0.623535	 3
1501514706.825	 0	 -0.112244	 -0.868713	 -0.631348	 3
1501514706.835	 0	 -0.148605	 -0.861160	 -0.640762	 3
1501514706.845	 0	 -0.179398	 -0.860596	 -0.644669	 3
1501514706.855	 0	 -0.190186	 -0.857025	 -0.640854	 3
1501514706.865	 0	 -0.194977	 -0.854248	 -0.628891	 3
1501514706.875	 0	 -0.185562	 -0.862885	 -0.613159	 3
1501514706.885	 0	 -0.182724	 -0.869339	 -0.597626	 3
1501514706.895	 0	 -0.190430	 -0.868988	 -0.591721	 3
1501514706.905	 0	 -0.198563	 -0.880844	 -0.605881	 3
1501514706.915	 0	 -0.198868	 -0.900543	 -0.627808	 3
1501514706.925	 0	 -0.200546	 -0.914948	 -0.643265	 3
1501514706.935	 0	 -0.217209	 -0.932266	 -0.651657	 3
1501514706.945	 0	 -0.233871	 -0.932251	 -0.645828	 3
1501514706.955	 0	 -0.264038	 -0.930313	 -0.639099	 3
1501514706.965	 0	 -0.291931	 -0.918121	 -0.632904	 3
1501514706.975	 0	 -0.319473	 -0.913605	 -0.640274	 3
1501514706.985	 0	 -0.331085	 -0.933990	 -0.657455	 3
1501514706.995	 0	 -0.326202	 -0.950851	 -0.669861	 3
1501514707.005	 0	 -0.314178	 -0.947601	 -0.669983	 3
1501514707.015	 0	 -0.324051	 -0.945389	 -0.660980	 3
1501514707.025	 0	 -0.335876	 -0.935654	 -0.665314	 3
1501514707.035	 0	 -0.354218	 -0.922089	 -0.668991	 3
1501514707.045	 0	 -0.352676	 -0.911148	 -0.665848	 3
1501514707.055	 0	 -0.342621	 -0.912186	 -0.661346	 3
1501514707.065	 0	 -0.331558	 -0.909134	 -0.676437	 3
1501514707.075	 0	 -0.327454	 -0.911240	 -0.703003	 3
1501514707.085	 0	 -0.319351	 -0.917404	 -0.731766	 3
1501514707.095	 0	 -0.313141	 -0.933243	 -0.741409	 3
1501514707.105	 0	 -0.310760	 -0.944931	 -0.736206	 3
1501514707.115	 0	 -0.314621	 -0.961182	 -0.723694	 3
1501514707.125	 0	 -0.325867	 -0.967911	 -0.719406	 3
1501514707.135	 0	 -0.335083	 -0.985046	 -0.719498	 3
1501514707.145	 0	 -0.339859	 -0.997681	 -0.722641	 3
1501514707.155	 0	 -0.348892	 -0.998047	 -0.728394	 3
1501514707.165	 0	 -0.356522	 -1.009582	 -0.729980	 3
1501514707.175	 0	 -0.362930	 -1.008362	 -0.728149	 3
1501514707.185	 0	 -0.368225	 -1.001740	 -0.704498	 3
1501514707.195	 0	 -0.376007	 -1.004669	 -0.692001	 3
1501514707.205	 0	 -0.387604	 -0.998672	 -0.677017	 3
1501514707.215	 0	 -0.381943	 -0.992172	 -0.680832	 3
1501514707.225	 0	 -0.378784	 -0.999771	 -0.709793	 3
1501514707.235	 0	 -0.360107	 -1.004181	 -0.736237	 3
1501514707.245	 0	 -0.350983	 -1.009766	 -0.741699	 3
1501514707.255	 0	 -0.345779	 -1.013031	 -0.734299	 3
1501514707.265	 0	 -0.349884	 -1.006683	 -0.715134	 3
1501514707.275	 0	 -0.352188	 -0.987717	 -0.674042	 3
1501514707.285	 0	 -0.361786	 -0.966644	 -0.632385	 3
1501514707.295	 0	 -0.364929	 -0.944504	 -0.577332	 3
1501514707.305	 0	 -0.375031	 -0.925644	 -0.557693	 3
1501514707.315	 0	 -0.367859	 -0.941559	 -0.586731	 3
1501514707.325	 0	 -0.326096	 -0.966415	 -0.615021	 3
1501514707.335	 0	 -0.280716	 -0.978806	 -0.625656	 3
1501514707.345	 0	 -0.253403	 -0.982910	 -0.612854	 3
1501514707.355	 0	 -0.254181	 -1.002152	 -0.599258	 3
1501514707.365	 0	 -0.267380	 -1.014786	 -0.593170	 3
1501514707.375	 0	 -0.275131	 -1.027634	 -0.583313	 3
1501514707.385	 0	 -0.276871	 -1.042877	 -0.578430	 3
1501514707.395	 0	 -0.265335	 -1.037766	 -0.549881	 3
1501514707.405	 0	 -0.262283	 -1.043930	 -0.515137	 3
1501514707.415	 0	 -0.258530	 -1.055878	 -0.472031	 3
1501514707.425	 0	 -0.287018	 -1.057434	 -0.385239	 3
1501514707.435	 0	 -0.306656	 -1.072296	 -0.394073	 3
1501514707.445	 0	 -0.301025	 -1.117859	 -0.452927	 3
1501514707.455	 0	 -0.271027	 -1.141602	 -0.497955	 3
1501514707.465	 0	 -0.249268	 -1.131104	 -0.536377	 3
1501514707.475	 0	 -0.244995	 -1.115860	 -0.554550	 3
1501514707.485	 0	 -0.250977	 -1.089828	 -0.524155	 3
1501514707.495	 0	 -0.259171	 -1.052933	 -0.475693	 3
1501514707.505	 0	 -0.255356	 -1.021683	 -0.417480	 3
1501514707.515	 0	 -0.241852	 -1.002121	 -0.361038	 3
1501514707.525	 0	 -0.222412	 -0.993683	 -0.315338	 3
1501514707.535	 0	 -0.224060	 -0.989410	 -0.310501	 3
1501514707.545	 0	 -0.220184	 -0.986237	 -0.324539	 3
1501514707.555	 0	 -0.183899	 -1.019089	 -0.333008	 3
1501514707.565	 0	 -0.145126	 -1.016617	 -0.320938	 3
1501514707.575	 0	 -0.091141	 -1.011993	 -0.296616	 3
1501514707.585	 0	 -0.063507	 -1.008804	 -0.290924	 3
1501514707.595	 0	 -0.064102	 -1.013611	 -0.289215	 3
1501514707.605	 0	 -0.035065	 -1.007507	 -0.275696	 3
1501514707.615	 0	 -0.049057	 -0.892593	 -0.269302	 3
1501514707.625	 0	 -0.064316	 -0.840637	 -0.254486	 3
1501514707.635	 0	 -0.068237	 -0.819016	 -0.232513	 3
1501514707.645	 0	 -0.078629	 -0.804871	 -0.225571	 3
1501514707.655	 0	 -0.057755	 -0.770340	 -0.207001	 3
1501514707.665	 0	 -0.031540	 -0.743088	 -0.188873	 3
1501514707.675	 0	 0.025681	 -0.747360	 -0.157440	 3
1501514707.685	 0	 0.073166	 -0.723419	 -0.104568	 3
1501514707.695	 0	 0.116928	 -0.715439	 -0.080994	 3
1501514707.705	 0	 0.159164	 -0.695770	 -0.064682	 3
1501514707.715	 0	 0.188507	 -0.675568	 -0.059174	 3
1501514707.725	 0	 0.220734	 -0.679657	 -0.059219	 3
1501514707.735	 0	 0.258362	 -0.686096	 -0.049469	 3
1501514707.745	 0	 0.286423	 -0.663849	 -0.029037	 3
1501514707.755	 0	 0.328949	 -0.645859	 0.000839	 3
1501514707.765	 0	 0.363907	 -0.642746	 0.047668	 3
1501514707.775	 0	 0.394012	 -0.649307	 0.085617	 3
1501514707.785	 0	 0.409470	 -0.643661	 0.102509	 3
1501514707.795	 0	 0.406342	 -0.633087	 0.110458	 3
1501514707.805	 0	 0.397064	 -0.636292	 0.121582	 3
1501514707.815	 0	 0.381226	 -0.642365	 0.125015	 3
1501514707.825	 0	 0.366608	 -0.648529	 0.127136	 3
1501514707.835	 0	 0.355362	 -0.647842	 0.117569	 3
1501514707.845	 0	 0.342926	 -0.647964	 0.107101	 3
1501514707.855	 0	 0.338486	 -0.650772	 0.088882	 3
1501514707.865	 0	 0.340164	 -0.658157	 0.070953	 3
1501514707.875	 0	 0.343353	 -0.682846	 0.066833	 3
1501514707.885	 0	 0.348785	 -0.702682	 0.068359	 3
1501514707.895	 0	 0.356705	 -0.695831	 0.065399	 3
1501514707.905	 0	 0.342514	 -0.667725	 0.065140	 3
1501514707.915	 0	 0.324310	 -0.669998	 0.089737	 3
1501514707.925	 0	 0.323059	 -0.672653	 0.118179	 3
1501514707.935	 0	 0.328461	 -0.657471	 0.151627	 3
1501514707.945	 0	 0.325714	 -0.646332	 0.186356	 3
1501514707.955	 0	 0.331085	 -0.638794	 0.239594	 3
1501514707.965	 0	 0.328857	 -0.621185	 0.280151	 3
1501514707.975	 0	 0.307175	 -0.591232	 0.316330	 3
1501514707.985	 0	 0.290497	 -0.578262	 0.355133	 3
1501514707.995	 0	 0.268478	 -0.573868	 0.374069	 3
1501514708.005	 0	 0.246140	 -0.577789	 0.383194	 3
1501514708.015	 0	 0.230148	 -0.587631	 0.385254	 3
1501514708.025	 0	 0.204132	 -0.585144	 0.377090	 3
1501514708.035	 0	 0.178772	 -0.588989	 0.366119	 3
1501514708.045	 0	 0.167191	 -0.621628	 0.353012	 3
1501514708.055	 0	 0.155701	 -0.637848	 0.327988	 3
1501514708.065	 0	 0.142014	 -0.650513	 0.303909	 3
1501514708.075	 0	 0.116516	 -0.681259	 0.283585	 3
1501514708.085	 0	 0.083664	 -0.694794	 0.271088	 3
1501514708.095	 0	 0.033997	 -0.683563	 0.254791	 3
1501514708.105	 0	 -0.031097	 -0.661377	 0.232605	 3
1501514708.115	 0	 -0.084457	 -0.634735	 0.209427	 3
1501514708.125	 0	 -0.146622	 -0.619431	 0.208725	 3
1501514708.135	 0	 -0.193481	 -0.625656	 0.226364	 3
1501514708.145	 0	 -0.231110	 -0.640167	 0.254547	 3
1501514708.155	 0	 -0.256180	 -0.633987	 0.271606	 3
1501514708.165	 0	 -0.252548	 -0.634933	 0.285492	 3
1501514708.175	 0	 -0.305054	 -0.643311	 0.315872	 3
1501514708.185	 0	 -0.355881	 -0.620087	 0.297058	 3
1501514708.195	 0	 -0.404648	 -0.585159	 0.274872	 3
1501514708.205	 0	 -0.440323	 -0.588242	 0.268250	 3
1501514708.215	 0	 -0.467331	 -0.607895	 0.240921	 3
1501514708.225	 0	 -0.479233	 -0.608643	 0.197601	 3
1501514708.235	 0	 -0.490173	 -0.632400	 0.168961	 3
1501514708.245	 0	 -0.492538	 -0.664612	 0.159897	 3
1501514708.255	 0	 -0.491547	 -0.662384	 0.151306	 3
1501514708.265	 0	 -0.501221	 -0.622559	 0.141647	 3
1501514708.275	 0	 -0.508072	 -0.588211	 0.146912	 3
1501514708.285	 0	 -0.511993	 -0.591446	 0.189240	 3
1501514708.295	 0	 -0.489822	 -0.582748	 0.206085	 3
1501514708.305	 0	 -0.459442	 -0.551041	 0.232773	 3
1501514708.315	 0	 -0.443665	 -0.548187	 0.268555	 3
1501514708.325	 0	 -0.431900	 -0.541275	 0.263657	 3
1501514708.335	 0	 -0.451324	 -0.513412	 0.225952	 3
1501514708.345	 0	 -0.480972	 -0.523972	 0.205032	 3
1501514708.355	 0	 -0.508926	 -0.531021	 0.177933	 3
1501514708.366	 0	 -0.545090	 -0.492340	 0.170715	 3
1501514708.375	 0	 -0.570953	 -0.493530	 0.209213	 3
1501514708.385	 0	 -0.564407	 -0.475266	 0.226257	 3
1501514708.396	 0	 -0.549835	 -0.451706	 0.231445	 3
1501514708.406	 0	 -0.510315	 -0.488327	 0.233093	 3
1501514708.415	 0	 -0.457932	 -0.497421	 0.193268	 3
1501514708.426	 0	 -0.427597	 -0.433228	 0.118362	 3
1501514708.436	 0	 -0.452347	 -0.478195	 0.100769	 3
1501514708.446	 0	 -0.480270	 -0.498459	 0.074402	 3
1501514708.456	 0	 -0.509933	 -0.485825	 0.050888	 3
1501514708.466	 0	 -0.517883	 -0.487305	 0.038239	 3
1501514708.476	 0	 -0.480728	 -0.512115	 0.058685	 3
1501514708.486	 0	 -0.438278	 -0.510468	 0.058167	 3
1501514708.496	 0	 -0.434372	 -0.428391	 -0.000916	 3
1501514708.506	 0	 -0.497299	 -0.174042	 -0.145233	 3
1501514708.516	 0	 -0.605865	 -0.366989	 -0.079361	 3
1501514708.526	 0	 -0.571518	 -0.430984	 -0.063736	 3
1501514708.536	 0	 -0.453781	 -0.365875	 -0.169586	 3
1501514708.546	 0	 -0.354568	 -0.408157	 -0.233170	 3
1501514708.556	 0	 -0.291809	 -0.511002	 -0.296890	 3
1501514708.566	 0	 -0.259872	 -0.556213	 -0.367874	 3
1501514708.576	 0	 -0.303223	 -0.538864	 -0.437683	 3
1501514708.586	 0	 -0.405060	 -0.493072	 -0.479828	 3
1501514708.596	 0	 -0.502853	 -0.492554	 -0.444031	 3
1501514708.606	 0	 -0.544769	 -0.523056	 -0.415497	 3
1501514708.616	 0	 -0.570175	 -0.507614	 -0.458908	 3
1501514708.626	 0	 -0.598373	 -0.458282	 -0.498962	 3
1501514708.636	 0	 -0.617691	 -0.435699	 -0.513367	 3
1501514708.646	 0	 -0.614853	 -0.451752	 -0.505905	 3
1501514708.656	 0	 -0.637299	 -0.491760	 -0.496994	 3
1501514708.666	 0	 -0.653503	 -0.510025	 -0.541718	 3
1501514708.676	 0	 -0.670868	 -0.533691	 -0.629913	 3
1501514708.686	 0	 -0.649277	 -0.563583	 -0.728577	 3
1501514708.696	 0	 -0.588303	 -0.564178	 -0.809738	 3
1501514708.706	 0	 -0.510132	 -0.612366	 -0.862000	 3
1501514708.716	 0	 -0.430862	 -0.698029	 -0.909622	 3
1501514708.726	 0	 -0.402084	 -0.769196	 -0.954849	 3
1501514708.736	 0	 -0.430679	 -0.772202	 -1.033310	 3
1501514708.746	 0	 -0.516357	 -0.783737	 -1.115158	 3
1501514708.756	 0	 -0.588089	 -0.776901	 -1.185669	 3
1501514708.766	 0	 -0.628174	 -0.786911	 -1.243164	 3
1501514708.776	 0	 -0.634674	 -0.778885	 -1.255661	 3
1501514708.786	 0	 -0.634003	 -0.781647	 -1.285980	 3
1501514708.796	 0	 -0.644089	 -0.827225	 -1.296341	 3
1501514708.806	 0	 -0.675674	 -0.873871	 -1.303696	 3
1501514708.816	 0	 -0.717926	 -0.892242	 -1.309189	 3
1501514708.826	 0	 -0.765854	 -0.878861	 -1.328934	 3
1501514708.836	 0	 -0.802826	 -0.858093	 -1.326157	 3
1501514708.846	 0	 -0.816437	 -0.794266	 -1.298996	 3
1501514708.856	 0	 -0.799927	 -0.770493	 -1.213379	 3
1501514708.866	 0	 -0.759308	 -0.781281	 -1.108032	 3
1501514708.876	 0	 -0.724518	 -0.778305	 -1.038513	 3
1501514708.886	 0	 -0.718307	 -0.786057	 -1.029770	 3
1501514708.896	 0	 -0.742111	 -0.756790	 -1.072876	 3
1501514708.906	 0	 -0.764801	 -0.734985	 -1.135208	 3
1501514708.916	 0	 -0.690872	 -0.784546	 -1.099655	 3
1501514708.926	 0	 -0.606125	 -0.851074	 -1.015076	 3
1501514708.936	 0	 -0.546280	 -0.897583	 -0.947693	 3
1501514708.946	 0	 -0.516693	 -0.940033	 -0.947876	 3
1501514708.956	 0	 -0.536575	 -0.948669	 -0.978271	 3
1501514708.966	 0	 -0.598038	 -0.893143	 -1.043716	 3
1501514708.976	 0	 -0.677567	 -0.854980	 -1.139236	 3
1501514708.986	 0	 -0.764252	 -0.811966	 -1.164902	 3
1501514708.996	 0	 -0.793350	 -0.821503	 -1.117188	 3
1501514709.006	 0	 -0.735687	 -0.842438	 -1.032562	 3
1501514709.016	 0	 -0.621414	 -0.852066	 -0.944763	 3
1501514709.026	 0	 -0.508453	 -0.876419	 -0.872147	 3
1501514709.036	 0	 -0.411438	 -0.894760	 -0.834000	 3
1501514709.046	 0	 -0.353607	 -0.888809	 -0.834335	 3
1501514709.056	 0	 -0.323959	 -0.884140	 -0.889008	 3
1501514709.066	 0	 -0.302643	 -0.877411	 -0.958176	 3
1501514709.076	 0	 -0.266693	 -0.869217	 -0.981567	 3
1501514709.086	 0	 -0.188629	 -0.858093	 -0.977890	 3
1501514709.096	 0	 -0.092773	 -0.861404	 -0.955368	 3
1501514709.106	 0	 0.003174	 -0.867783	 -0.923904	 3
1501514709.116	 0	 0.110794	 -0.865723	 -0.905212	 3
1501514709.126	 0	 0.193481	 -0.890106	 -0.878799	 3
1501514709.136	 0	 0.246552	 -0.901413	 -0.845612	 3
1501514709.146	 0	 0.289642	 -0.900406	 -0.815399	 3
1501514709.156	 0	 0.320190	 -0.904053	 -0.782776	 3
1501514709.166	 0	 0.336548	 -0.898117	 -0.745712	 3
1501514709.176	 0	 0.337341	 -0.886139	 -0.704437	 3
1501514709.186	 0	 0.305832	 -0.873993	 -0.680679	 3
1501514709.196	 0	 0.271851	 -0.846924	 -0.646072	 3
1501514709.206	 0	 0.259689	 -0.816971	 -0.694321	 3
1501514709.216	 0	 0.183273	 -0.813782	 -0.505783	 3
1501514709.226	 0	 0.167831	 -0.750153	 -0.604919	 3
1501514709.236	 0	 0.082428	 -0.720474	 -0.599686	 3
1501514709.246	 0	 0.003632	 -0.724426	 -0.455139	 3
1501514709.256	 0	 -0.060028	 -0.697815	 -0.537460	 3
1501514709.266	 0	 -0.059433	 -0.675552	 -0.447006	 3
1501514709.276	 0	 -0.076233	 -0.688217	 -0.421646	 3
1501514709.286	 0	 -0.066742	 -0.656082	 -0.427963	 3
1501514709.296	 0	 -0.075668	 -0.776535	 -0.393051	 3
1501514709.306	 0	 -0.107346	 -0.745987	 -0.392502	 3
1501514709.316	 0	 -0.148331	 -0.507767	 -0.409576	 3
1501514709.326	 0	 -0.130188	 -0.634293	 -0.462631	 3
1501514709.336	 0	 -0.074341	 -0.766892	 -0.442764	 3
1501514709.346	 0	 -0.099670	 -0.850708	 -0.433960	 3
1501514709.356	 0	 -0.089264	 -0.807449	 -0.490677	 3
1501514709.366	 0	 -0.089096	 -0.641724	 -0.547379	 3
1501514709.376	 0	 -0.166473	 -0.720123	 -0.459702	 3
1501514709.386	 0	 -0.078979	 -0.800613	 -0.458862	 3
1501514709.396	 0	 -0.171265	 -0.901611	 -0.471222	 3
1501514709.406	 0	 -0.107407	 -0.722092	 -0.490189	 3
1501514709.416	 0	 -0.156403	 -0.778000	 -0.477341	 3
1501514709.426	 0	 -0.076080	 -0.837418	 -0.517944	 3
1501514709.436	 0	 -0.095856	 -0.833847	 -0.570541	 3
1501514709.446	 0	 -0.095459	 -0.880905	 -0.543060	 3
1501514709.456	 0	 -0.102509	 -0.775558	 -0.454834	 3
1501514709.466	 0	 -0.087311	 -0.752457	 -0.588730	 3
1501514709.476	 0	 -0.012924	 -0.822479	 -0.645096	 3
1501514709.486	 0	 -0.026215	 -0.926727	 -0.534943	 3
1501514709.496	 0	 0.054977	 -0.870865	 -0.630737	 3
1501514709.506	 0	 0.130768	 -0.821655	 -0.673767	 3
1501514709.516	 0	 0.184952	 -0.963150	 -0.575150	 3
1501514709.526	 0	 0.235321	 -0.943451	 -0.623199	 3
1501514709.536	 0	 0.233856	 -0.943207	 -0.607849	 3
1501514709.546	 0	 0.241165	 -0.917572	 -0.588348	 3
1501514709.556	 0	 0.359528	 -0.820572	 -0.633484	 3
1501514709.566	 0	 0.470673	 -0.751114	 -0.745148	 3
1501514709.576	 0	 0.441391	 -0.751160	 -0.610672	 3
1501514709.586	 0	 0.275360	 -0.840179	 -0.453384	 3
1501514709.596	 0	 0.124756	 -1.000061	 -0.525131	 3
1501514709.606	 0	 0.116852	 -0.942291	 -0.462143	 3
1501514709.616	 0	 0.145294	 -0.759094	 -0.268173	 3
1501514709.626	 0	 0.169098	 -0.640427	 -0.190155	 3
1501514709.636	 0	 0.170471	 -0.601273	 -0.179291	 3
1501514709.646	 0	 0.146255	 -0.694778	 -0.161133	 3
1501514709.656	 0	 0.158234	 -0.825531	 0.025223	 3
1501514709.666	 0	 0.037979	 -1.010452	 0.177063	 3
1501514709.676	 0	 0.092178	 -1.020493	 0.125839	 3
1501514709.686	 0	 0.196396	 -0.918655	 -0.182800	 3
1501514709.696	 0	 0.396255	 -0.762268	 -0.897079	 3
1501514709.706	 0	 0.478363	 -0.693375	 -1.844147	 3
1501514709.716	 0	 0.370697	 -0.719025	 -1.237030	 3
1501514709.726	 0	 0.322327	 -0.615311	 -0.696930	 3
1501514709.736	 0	 0.245346	 -0.558456	 -0.618454	 3
1501514709.746	 0	 0.257507	 -0.515976	 -0.764969	 3
1501514709.756	 0	 0.341431	 -0.540512	 -0.801498	 3
1501514709.766	 0	 0.406525	 -0.642227	 -0.731216	 3
1501514709.776	 0	 0.371323	 -0.664185	 -0.687912	 3
1501514709.786	 0	 0.269913	 -0.650696	 -0.669464	 3
1501514709.796	 0	 0.176575	 -0.700348	 -0.610580	 3
1501514709.806	 0	 0.122345	 -0.702606	 -0.624100	 3
1501514709.816	 0	 0.108643	 -0.694290	 -0.617813	 3
1501514709.826	 0	 0.137482	 -0.676285	 -0.619186	 3
1501514709.836	 0	 0.185455	 -0.662231	 -0.622910	 3
1501514709.846	 0	 0.210373	 -0.689743	 -0.605133	 3
1501514709.856	 0	 0.215027	 -0.734253	 -0.613068	 3
1501514709.866	 0	 0.226944	 -0.746368	 -0.634537	 3
1501514709.876	 0	 0.194016	 -0.754547	 -0.642822	 3
1501514709.886	 0	 0.145905	 -0.765732	 -0.607529	 3
1501514709.896	 0	 0.129639	 -0.772324	 -0.559875	 3
1501514709.906	 0	 0.127899	 -0.749161	 -0.572098	 3
1501514709.916	 0	 0.131287	 -0.712051	 -0.597076	 3
1501514709.926	 0	 0.140976	 -0.695450	 -0.603058	 3
1501514709.936	 0	 0.151901	 -0.709717	 -0.594772	 3
1501514709.946	 0	 0.157944	 -0.721588	 -0.598282	 3
1501514709.956	 0	 0.155853	 -0.723816	 -0.609741	 3
1501514709.966	 0	 0.162888	 -0.728272	 -0.629120	 3
1501514709.976	 0	 0.166061	 -0.735809	 -0.620041	 3
1501514709.986	 0	 0.171890	 -0.735031	 -0.598053	 3
1501514709.996	 0	 0.176025	 -0.716873	 -0.608566	 3
1501514710.006	 0	 0.177887	 -0.701889	 -0.638641	 3
1501514710.016	 0	 0.170212	 -0.709946	 -0.638687	 3
1501514710.026	 0	 0.138809	 -0.711121	 -0.624451	 3
1501514710.036	 0	 0.144287	 -0.690659	 -0.634811	 3
1501514710.046	 0	 0.173981	 -0.678818	 -0.669815	 3
1501514710.056	 0	 0.198685	 -0.685898	 -0.647202	 3
1501514710.066	 0	 0.261505	 -0.675079	 -0.605576	 3
1501514710.076	 0	 0.286636	 -0.674438	 -0.698624	 3
1501514710.086	 0	 0.259369	 -0.686646	 -0.703354	 3
1501514710.096	 0	 0.228104	 -0.677826	 -0.696686	 3
1501514710.106	 0	 0.209244	 -0.672150	 -0.706207	 3
1501514710.116	 0	 0.184067	 -0.693420	 -0.710953	 3
1501514710.126	 0	 0.158218	 -0.709335	 -0.741623	 3
1501514710.136	 0	 0.153351	 -0.720200	 -0.709183	 3
